-0.30516
0.0388176
-0.409591
-0.42042
0.975654
0.574575
0.673857
-0.197937
-0.687962
0.258061
-0.28353
-0.142701
0.651225
-0.107696
0.433022
-0.755184
-0.0251594
-0.901182
0.100409
-0.42042
-0.084347
0.924574
0.443856
-0.307938
0.0820376
0.648061
0.43647
0.00729932
0.621226
-0.397695
0.373023
-0.905182
0.494841
-0.181182
0.650409
0.239579
0.185652
-0.285427
-0.516145
-0.147939
0.242037
-0.31194
-0.27353
0.0673
-0.168773
-0.117693
0.543025
-0.375181
0.284842
0.218818
-0.199592
0.0295783
-0.0443491
-0.385429
-0.566147
0.102059
-0.107964
0.20806
0.0064704
-0.0926993
0.431228
-0.0476922
-0.246974
-0.0451802
-0.905157
0.218819
0.250408
0.749578
-0.57435
-0.51543
-0.00614804
-0.447942
-0.0379647
-0.0519403
0.0664706
-0.0926987
0.0712293
-1.29769
0.633027
0.934821
0.524844
